aaaaa	33544	     75836	     42808
aaaac	33602	     43703	     52328
aaaag	31077	     29332	     100423
aaaat	24905	     57579	     48663
aaaca	47295	     44772	     29913
aaacc	24258	     37464	     39879
aaacg	40350	     31421	     42744
aaact	30462	     53585	     27945
aaaga	69324	     51312	     18226
aaagc	59328	     34877	     32522
aaagg	75024	     23106	     22138
aaagt	39255	     40000	     27482
aaata	32052	     23290	     30249
aaatc	42392	     45272	     51506
aaatg	60101	     21124	     65923
aaatt	20587	     39159	     35859
aacaa	33647	     150868	     45946
aacac	20121	     60955	     24551
aacag	30048	     54696	     93631
aacat	17117	     87266	     23094
aacca	50045	     63495	     32014
aaccc	20071	     18856	     30691
aaccg	32044	     29798	     33291
aacct	18985	     48621	     15001
aacga	26277	     121107	     20677
aacgc	32627	     43321	     33198
aacgg	43307	     54523	     20127
aacgt	11477	     40488	     19022
aacta	18222	     48048	     24558
aactc	21853	     58411	     26022
aactg	33278	     38424	     96415
aactt	15306	     67918	     27145
aagaa	15891	     179000	     44901
aagac	11488	     75635	     30857
aagag	13065	     56248	     63083
aagat	9330	     99157	     44780
aagca	33131	     110957	     23386
aagcc	15660	     84248	     38862
aagcg	24969	     79684	     27205
aagct	17032	     103502	     26940
aagga	21019	     210685	     30350
aaggc	13493	     102792	     24596
aaggg	19611	     69051	     6647
aaggt	5348	     79241	     18296
aagta	14498	     45093	     16449
aagtc	20358	     63714	     22635
aagtg	32587	     45449	     56769
aagtt	14603	     77678	     25558
aataa	20679	     57286	     0
aatac	17130	     32293	     31845
aatag	18983	     28067	     0
aatat	15217	     52086	     27841
aatca	37149	     60075	     23781
aatcc	24470	     74696	     43038
aatcg	40172	     43810	     45347
aatct	20370	     72797	     21610
aatga	37528	     74690	     0
aatgc	42762	     83499	     22135
aatgg	59907	     82247	     22411
aatgt	21545	     71410	     11841
aatta	20912	     13814	     13930
aattc	24510	     36849	     38700
aattg	39467	     21222	     45711
aattt	17781	     43395	     24271
acaaa	31225	     39582	     62196
acaac	37063	     47470	     132978
acaag	21260	     16231	     160552
acaat	16782	     27862	     93414
acaca	24635	     25091	     37964
acacc	16142	     37275	     80366
acacg	18681	     12834	     56581
acact	14828	     27134	     29168
acaga	43581	     37740	     16739
acagc	79527	     38904	     86009
acagg	51546	     18083	     20478
acagt	24838	     24964	     40873
acata	9337	     10498	     42220
acatc	24951	     36778	     98156
acatg	20259	     8471	     89703
acatt	10856	     26881	     67543
accaa	29603	     113408	     39322
accac	40870	     98991	     56328
accag	35982	     52772	     99928
accat	18329	     83623	     34086
accca	60116	     53781	     16827
acccc	15048	     15310	     19123
acccg	35096	     21332	     18995
accct	21323	     42828	     6682
accga	25758	     75153	     18949
accgc	47217	     44863	     42025
accgg	38589	     37746	     19495
accgt	11470	     41521	     15162
accta	10248	     32681	     21735
acctc	18237	     44335	     29851
acctg	23256	     31183	     92376
acctt	11553	     48975	     21204
acgaa	15894	     38682	     71449
acgac	16585	     30956	     98050
acgag	13688	     17536	     159900
acgat	10878	     28811	     106172
acgca	37821	     40670	     22093
acgcc	20292	     60398	     76870
acgcg	24729	     23045	     22233
acgct	17544	     46052	     23310
acgga	12884	     84811	     52248
acggc	13170	     55983	     70028
acggg	16998	     37187	     15506
acggt	4771	     38395	     27864
acgta	8805	     10907	     17107
acgtc	17994	     19247	     30383
acgtg	17795	     10105	     63804
acgtt	10367	     20667	     24770
actaa	20831	     19061	     0
actac	14274	     21431	     99793
actag	13537	     12256	     0
actat	11200	     16440	     57077
actca	31001	     21469	     25570
actcc	16672	     36430	     69208
actcg	16847	     14777	     62806
actct	19474	     28449	     20735
actga	54690	     33807	     0
actgc	71383	     37024	     57628
actgg	86880	     37032	     46065
actgt	23030	     28597	     21815
actta	19403	     8383	     12622
acttc	20612	     26329	     94576
acttg	16603	     11882	     55541
acttt	18270	     28733	     77435
agaaa	38135	     25715	     75401
agaac	27130	     11839	     114123
agaag	40654	     15134	     201925
agaat	18786	     13864	     73747
agaca	29573	     10803	     35119
agacc	12573	     13358	     72468
agacg	26676	     10279	     65070
agact	19849	     10934	     29817
agaga	41618	     17665	     20033
agagc	44885	     14663	     77892
agagg	62513	     9218	     27350
agagt	23974	     9567	     36676
agata	25453	     5917	     34968
agatc	36435	     15043	     108570
agatg	52714	     5677	     87640
agatt	20004	     15633	     58702
agcaa	26083	     108080	     104401
agcac	23089	     57635	     89395
agcag	50219	     84961	     271539
agcat	14911	     61461	     52215
agcca	67985	     50978	     62254
agccc	26405	     14970	     68975
agccg	47063	     18791	     74332
agcct	25570	     37476	     23961
agcga	19780	     88428	     53323
agcgc	22304	     30932	     83447
agcgg	50292	     50700	     56370
agcgt	8628	     31884	     45179
agcta	19155	     32336	     42701
agctc	32724	     52667	     53110
agctg	51045	     25999	     195695
agctt	15815	     45958	     34972
aggaa	23012	     33891	     105676
aggac	24634	     15561	     124601
aggag	40827	     17296	     274968
aggat	24081	     22327	     145776
aggca	28541	     21210	     56300
aggcc	10566	     13075	     111428
aggcg	31628	     17305	     93055
aggct	12867	     12292	     54001
aggga	5544	     41123	     54116
agggc	5091	     17260	     88964
agggg	7693	     11854	     12763
agggt	2391	     11916	     44195
aggta	7530	     4248	     19544
aggtc	17041	     7446	     48044
aggtg	28441	     5201	     129294
aggtt	8132	     8391	     35707
agtaa	14331	     22521	     0
agtac	10662	     16392	     86067
agtag	13165	     18690	     0
agtat	8430	     16149	     40377
agtca	25288	     29660	     25219
agtcc	14574	     42135	     61605
agtcg	16906	     24461	     59847
agtct	12549	     30423	     19801
agtga	32026	     43037	     0
agtgc	46248	     51862	     64904
agtgg	68194	     51171	     40373
agtgt	16200	     34158	     20370
agtta	17601	     8489	     14889
agttc	24388	     37215	     104028
agttg	24918	     13059	     70536
agttt	16940	     32307	     53748
ataaa	0	     34084	     29638
ataac	0	     25899	     41705
ataag	0	     15930	     49420
ataat	0	     29402	     45040
ataca	25849	     21833	     20051
atacc	16591	     32174	     32020
atacg	25399	     17408	     30986
atact	18103	     27096	     15760
ataga	0	     31113	     11304
atagc	0	     30649	     34595
atagg	0	     10397	     11041
atagt	0	     21300	     21826
atata	14516	     13848	     32948
atatc	23268	     30742	     42003
atatg	26982	     11042	     48122
atatt	13371	     33703	     39399
atcaa	22631	     119652	     43408
atcac	18842	     58074	     50068
atcag	21802	     41022	     93689
atcat	14876	     76595	     38738
atcca	49737	     59640	     46916
atccc	27640	     15876	     86194
atccg	45899	     33509	     76003
atcct	33312	     65238	     32791
atcga	33662	     122182	     28818
atcgc	46221	     43450	     69246
atcgg	52883	     40735	     28729
atcgt	17105	     44651	     30409
atcta	13114	     38810	     29218
atctc	18123	     40788	     47396
atctg	27345	     33373	     130818
atctt	13195	     52408	     32848
atgaa	0	     78965	     61960
atgac	0	     43196	     62467
atgag	0	     31172	     103139
atgat	0	     60724	     71626
atgca	17867	     69145	     41435
atgcc	13617	     48905	     121662
atgcg	17140	     42254	     52720
atgct	10509	     65008	     41719
atgga	17070	     108324	     67445
atggc	13635	     65125	     100949
atggg	14703	     53069	     21747
atggt	9334	     49347	     43342
atgta	4999	     24574	     24662
atgtc	9823	     39995	     50963
atgtg	13602	     24501	     120663
atgtt	5311	     44141	     36309
attaa	14544	     48415	     0
attac	8836	     26212	     33563
attag	10186	     19865	     0
attat	7265	     40062	     24899
attca	35358	     43326	     20885
attcc	33422	     46776	     44714
attcg	41898	     32294	     39653
attct	25850	     46286	     16357
attga	28172	     68198	     0
attgc	36537	     58967	     32333
attgg	52819	     54350	     25619
attgt	15907	     59727	     15447
attta	20846	     17913	     20511
atttc	21605	     34052	     48414
atttg	35045	     24852	     66931
atttt	17198	     40982	     32257
caaaa	79748	     70190	     30705
caaac	60478	     39105	     30463
caaag	58628	     29669	     52868
caaat	50042	     51744	     41665
caaca	172188	     90780	     41906
caacc	68664	     32013	     29710
caacg	121893	     23563	     36701
caact	97827	     49411	     30062
caaga	173808	     38818	     10105
caagc	158974	     30238	     19712
caagg	215900	     24605	     12874
caagt	109084	     32048	     21857
caata	68928	     14490	     15694
caatc	105614	     37405	     20647
caatg	138039	     13769	     34102
caatt	50062	     37981	     27050
cacaa	49259	     78858	     28550
cacac	42077	     39551	     18694
cacag	46598	     31465	     49482
cacat	36210	     59422	     20325
cacca	163471	     67540	     53795
caccc	60963	     13037	     44640
caccg	101490	     18554	     52481
cacct	82493	     34348	     25473
cacga	37210	     66526	     12799
cacgc	66419	     28043	     21873
cacgg	82707	     30464	     10453
cacgt	25055	     24631	     13842
cacta	24504	     26240	     14787
cactc	41583	     31992	     19474
cactg	55914	     23746	     63449
cactt	32445	     44583	     20276
cagaa	21029	     114442	     38721
cagac	14969	     56851	     22585
cagag	17249	     51195	     51487
cagat	13179	     79853	     38835
cagca	161232	     264407	     52207
cagcc	56785	     78646	     57038
cagcg	105549	     76907	     42161
cagct	78450	     101863	     47255
cagga	31583	     155668	     35953
caggc	21944	     94257	     21672
caggg	28747	     55108	     6403
caggt	8916	     64482	     17941
cagta	30965	     35238	     13500
cagtc	55943	     46365	     18294
cagtg	85146	     35330	     49653
cagtt	44083	     78071	     27289
cataa	37487	     18531	     0
catac	37393	     11644	     17362
catag	34072	     9664	     0
catat	33241	     18934	     18789
catca	134785	     58417	     25872
catcc	76261	     46994	     45564
catcg	114390	     29099	     51120
catct	75363	     35541	     22792
catga	80088	     29264	     0
catgc	77845	     33268	     10880
catgg	107061	     31567	     11501
catgt	56824	     30945	     7669
catta	55556	     9100	     10591
cattc	73411	     19915	     30375
cattg	104010	     11247	     35202
cattt	51741	     29937	     27573
ccaaa	53577	     46992	     79234
ccaac	41388	     32944	     114241
ccaag	36964	     19618	     199355
ccaat	25189	     25838	     108366
ccaca	63206	     42527	     70399
ccacc	43969	     71084	     142219
ccacg	48120	     20191	     80589
ccact	38818	     36895	     62030
ccaga	93600	     45556	     22749
ccagc	120466	     48519	     115027
ccagg	115854	     24984	     31869
ccagt	55737	     36031	     73636
ccata	15922	     10550	     41802
ccatc	48403	     37206	     110745
ccatg	42028	     9272	     100165
ccatt	20915	     30148	     98156
cccaa	15943	     107662	     45183
cccac	19686	     74015	     48954
cccag	20374	     51331	     97777
cccat	10876	     73939	     34008
cccca	34441	     38495	     20750
ccccc	9272	     13714	     19599
ccccg	21783	     14029	     20900
cccct	14519	     25915	     8878
cccga	14426	     68968	     17169
cccgc	24838	     40706	     37827
cccgg	24869	     37296	     17293
cccgt	8577	     38840	     19070
cccta	4904	     25443	     21157
ccctc	7558	     33579	     36687
ccctg	10894	     20257	     98701
ccctt	5226	     38868	     24137
ccgaa	18235	     44829	     64715
ccgac	20043	     21393	     60765
ccgag	15686	     16497	     117855
ccgat	14710	     27833	     85486
ccgca	56530	     65461	     33210
ccgcc	34887	     84615	     121480
ccgcg	36262	     26349	     21142
ccgct	29585	     51209	     47746
ccgga	22404	     92157	     59336
ccggc	25447	     52663	     79500
ccggg	26786	     32281	     15132
ccggt	8027	     34460	     39453
ccgta	11626	     16376	     21277
ccgtc	22863	     19373	     45288
ccgtg	23217	     11262	     73551
ccgtt	14073	     21898	     39979
cctaa	31450	     13216	     0
cctac	17477	     11066	     76515
cctag	19708	     7844	     0
cctat	14347	     10931	     48198
cctca	62392	     20067	     28284
cctcc	22271	     30067	     77001
cctcg	32143	     11493	     69565
cctct	32083	     17984	     24574
cctga	85722	     22357	     0
cctgc	125971	     28207	     54890
cctgg	141472	     27772	     40150
cctgt	46212	     21884	     24721
cctta	26412	     6598	     12307
ccttc	26027	     18835	     87697
ccttg	23291	     7772	     49825
ccttt	21188	     18735	     54427
cgaaa	76027	     38361	     33325
cgaac	58709	     16704	     38429
cgaag	69085	     15576	     51948
cgaat	40860	     21082	     46616
cgaca	97694	     24338	     22395
cgacc	41076	     24254	     29186
cgacg	95583	     23397	     34730
cgact	66526	     26995	     16924
cgaga	125437	     24595	     10804
cgagc	108466	     20388	     27946
cgagg	198972	     14264	     13436
cgagt	76260	     18733	     20608
cgata	58022	     9921	     16451
cgatc	97664	     23389	     30880
cgatg	154547	     8883	     43792
cgatt	57139	     28695	     30605
cgcaa	17649	     96502	     37845
cgcac	21191	     45232	     44249
cgcag	30784	     41999	     90881
cgcat	18201	     64652	     29443
cgcca	108572	     55951	     61066
cgccc	62745	     12937	     81846
cgccg	97088	     28790	     77480
cgcct	70014	     44264	     25557
cgcga	12684	     71953	     21153
cgcgc	14777	     20352	     34381
cgcgg	30936	     31609	     18771
cgcgt	8835	     29950	     21321
cgcta	14765	     28193	     19602
cgctc	31307	     29227	     35812
cgctg	47427	     26176	     113126
cgctt	19730	     38602	     20866
cggaa	49769	     33200	     69394
cggac	45351	     10573	     68275
cggag	69033	     13719	     125125
cggat	41390	     22292	     86722
cggca	105479	     32073	     47994
cggcc	36913	     15398	     87369
cggcg	105662	     23560	     69768
cggct	51006	     22950	     42859
cggga	14681	     58744	     43853
cgggc	15274	     25515	     60535
cgggg	21736	     12858	     10682
cgggt	6754	     19819	     32112
cggta	19823	     8203	     14983
cggtc	35811	     8720	     27741
cggtg	66904	     6313	     86262
cggtt	24438	     13193	     27168
cgtaa	21512	     18602	     0
cgtac	14325	     9753	     30473
cgtag	18025	     8830	     0
cgtat	13413	     13935	     20183
cgtca	50285	     29691	     13643
cgtcc	30004	     26882	     28494
cgtcg	39255	     32182	     34566
cgtct	38022	     30649	     11166
cgtga	48530	     31348	     0
cgtgc	55436	     22873	     16421
cgtgg	111721	     27211	     16436
cgtgt	29716	     20559	     8500
cgtta	23685	     9112	     6737
cgttc	31134	     18102	     27630
cgttg	38017	     11207	     30462
cgttt	29974	     26807	     19668
ctaaa	0	     47703	     17226
ctaac	0	     23579	     14665
ctaag	0	     19867	     25137
ctaat	0	     32787	     18105
ctaca	110302	     19639	     16104
ctacc	55707	     17229	     19250
ctacg	101612	     12397	     15794
ctact	70138	     25728	     15096
ctaga	0	     28857	     7234
ctagc	0	     18085	     18226
ctagg	0	     9587	     7302
ctagt	0	     15469	     15070
ctata	35487	     9367	     11373
ctatc	59844	     22448	     14258
ctatg	75593	     8143	     16766
ctatt	29732	     22108	     20446
ctcaa	27058	     88999	     26758
ctcac	24456	     42151	     14978
ctcag	21808	     34129	     37896
ctcat	21001	     49034	     14798
ctcca	108822	     38385	     40681
ctccc	40416	     7158	     34355
ctccg	72212	     15120	     39235
ctcct	60000	     36924	     29012
ctcga	48002	     47774	     13133
ctcgc	67975	     16602	     22615
ctcgg	68364	     21309	     9185
ctcgt	30647	     21238	     15297
ctcta	16959	     27508	     16301
ctctc	18208	     31798	     16901
ctctg	31873	     23524	     59638
ctctt	14844	     46812	     16600
ctgaa	0	     121949	     34153
ctgac	0	     63117	     20940
ctgag	0	     52262	     42186
ctgat	0	     92758	     32813
ctgca	69630	     145702	     33932
ctgcc	45675	     101800	     68061
ctgcg	58472	     84521	     25440
ctgct	42271	     141788	     45865
ctgga	44791	     207010	     48843
ctggc	41298	     131272	     56057
ctggg	41832	     89323	     12752
ctggt	28314	     99028	     34743
ctgta	10396	     31174	     15057
ctgtc	26258	     45785	     23381
ctgtg	35817	     36913	     48632
ctgtt	15325	     54099	     26525
cttaa	17028	     40213	     0
cttac	8781	     17984	     15588
cttag	10594	     15125	     0
cttat	7349	     25083	     14202
cttca	107744	     31589	     19805
cttcc	78397	     21381	     29508
cttcg	94229	     18081	     29436
cttct	73630	     31848	     17178
cttga	39416	     25605	     0
cttgc	39793	     16075	     13939
cttgg	74574	     21118	     13752
cttgt	21716	     17615	     9053
cttta	52134	     12172	     12699
ctttc	48490	     24220	     22512
ctttg	99423	     13105	     40133
ctttt	31343	     31409	     19696
gaaaa	60080	     98012	     25399
gaaac	52793	     57519	     28915
gaaag	36773	     41263	     42738
gaaat	35180	     73757	     31690
gaaca	93412	     51426	     12744
gaacc	45635	     41308	     22159
gaacg	71239	     37806	     16325
gaact	57584	     70640	     15766
gaaga	123743	     93292	     11992
gaagc	117377	     51037	     18053
gaagg	123349	     31888	     12063
gaagt	60510	     49152	     17356
gaata	40433	     21906	     11437
gaatc	68689	     50828	     22383
gaatg	75192	     21316	     27212
gaatt	26398	     45227	     18004
gacaa	28115	     125039	     16424
gacac	25866	     57092	     17396
gacag	25541	     44567	     30803
gacat	18135	     92790	     13343
gacca	94356	     46270	     20076
gaccc	34176	     16045	     28449
gaccg	41784	     20851	     19085
gacct	37525	     43715	     12218
gacga	35921	     148489	     13721
gacgc	49146	     37367	     27842
gacgg	56772	     37515	     9346
gacgt	15142	     38545	     13597
gacta	15880	     46397	     9751
gactc	21475	     50797	     17039
gactg	28952	     34465	     41086
gactt	16098	     74443	     12971
gagaa	18384	     171764	     19903
gagac	12121	     69897	     14500
gagag	12646	     54517	     26812
gagat	13456	     110765	     26914
gagca	77608	     141986	     25268
gagcc	29771	     66592	     36578
gagcg	46947	     81454	     19029
gagct	37699	     120840	     26548
gagga	25778	     284363	     35689
gaggc	19326	     117637	     24017
gaggg	23473	     75710	     4919
gaggt	6771	     88497	     17329
gagta	15743	     46249	     9147
gagtc	31657	     56348	     14145
gagtg	38921	     44677	     32828
gagtt	17408	     87460	     17066
gataa	26439	     65087	     0
gatac	25791	     38219	     18551
gatag	22452	     28691	     0
gatat	22495	     62854	     16417
gatca	88060	     74410	     14873
gatcc	49523	     77919	     34328
gatcg	66714	     57547	     28813
gatct	48715	     92151	     16751
gatga	67966	     153841	     0
gatgc	70177	     97182	     13039
gatgg	73116	     83741	     11762
gatgt	35961	     89610	     7910
gatta	34666	     24859	     8673
gattc	41939	     47136	     36549
gattg	59464	     28759	     31460
gattt	26525	     64293	     20753
gcaaa	64189	     35893	     59745
gcaac	86008	     34530	     110686
gcaag	36324	     14519	     145254
gcaat	37691	     24530	     83654
gcaca	80837	     28954	     34548
gcacc	46289	     40625	     90190
gcacg	54782	     15549	     35949
gcact	46710	     32748	     36451
gcaga	112668	     44271	     16663
gcagc	242320	     84896	     128804
gcagg	137884	     26512	     22782
gcagt	72534	     32194	     62073
gcata	20017	     8972	     29014
gcatc	58955	     36602	     93572
gcatg	35070	     7214	     71901
gcatt	22842	     29182	     66838
gccaa	46840	     185520	     38008
gccac	66828	     112288	     45350
gccag	55271	     84408	     95368
gccat	32159	     126089	     28079
gccca	128912	     91366	     15021
gcccc	37905	     23721	     20969
gcccg	68253	     33054	     15553
gccct	44491	     70932	     6534
gccga	39096	     115698	     15439
gccgc	90916	     90128	     37158
gccgg	80515	     66701	     20021
gccgt	25207	     60347	     16609
gccta	14512	     43213	     18349
gcctc	24577	     61186	     32824
gcctg	27322	     41444	     92177
gcctt	15429	     71258	     21129
gcgaa	36649	     37093	     60070
gcgac	42575	     21327	     72070
gcgag	28045	     15251	     116328
gcgat	28116	     27872	     87860
gcgca	90134	     37220	     15735
gcgcc	48058	     38595	     69133
gcgcg	52270	     17611	     11273
gcgct	41123	     35062	     21499
gcgga	29105	     92837	     60080
gcggc	37462	     82064	     97440
gcggg	46703	     38703	     15417
gcggt	13889	     41729	     50057
gcgta	18151	     8876	     15237
gcgtc	47392	     16375	     39909
gcgtg	34073	     8328	     56966
gcgtt	24134	     17564	     30483
gctaa	43481	     27365	     0
gctac	24394	     19548	     74416
gctag	20819	     16194	     0
gctat	20316	     22468	     50496
gctca	73783	     36114	     22036
gctcc	38443	     57302	     73665
gctcg	32385	     22368	     38162
gctct	49657	     45580	     20559
gctga	121025	     49478	     0
gctgc	172547	     79681	     48200
gctgg	180040	     56685	     36151
gctgt	57726	     42444	     21974
gctta	29244	     9805	     10678
gcttc	29041	     27995	     72388
gcttg	20322	     10718	     40107
gcttt	23122	     32994	     43153
ggaaa	98899	     64715	     24505
ggaac	79116	     38495	     32189
ggaag	68624	     28786	     41634
ggaat	51123	     44025	     29061
ggaca	142493	     42823	     13697
ggacc	46242	     42079	     16990
ggacg	98507	     30815	     15530
ggact	82760	     42938	     9603
ggaga	174572	     45846	     7797
ggagc	192268	     72403	     24443
ggagg	218992	     58437	     9163
ggagt	95210	     44841	     14054
ggata	74571	     19177	     14535
ggatc	117536	     56263	     27416
ggatg	145650	     18138	     26904
ggatt	55191	     53221	     22170
ggcaa	37766	     134733	     20286
ggcac	44921	     63343	     22988
ggcag	59493	     77119	     43370
ggcat	28537	     91187	     15801
ggcca	209380	     61568	     18666
ggccc	63956	     12965	     16786
ggccg	98631	     19022	     14734
ggcct	67057	     44047	     5572
ggcga	44145	     115947	     16544
ggcgc	63948	     43020	     26921
ggcgg	115012	     107656	     16059
ggcgt	21004	     54765	     13966
ggcta	30520	     46012	     12815
ggctc	51344	     43806	     14571
ggctg	69748	     32616	     46617
ggctt	25836	     51732	     9998
gggaa	48365	     17624	     33007
gggac	40078	     6573	     33930
gggag	44239	     7860	     58150
gggat	40481	     12703	     44169
gggca	124433	     17491	     16302
gggcc	37525	     10814	     30609
gggcg	96219	     10030	     18737
gggct	54578	     12639	     14558
gggga	9661	     28640	     16253
ggggc	13153	     15347	     25729
ggggg	13506	     11292	     2984
ggggt	3954	     9679	     12041
gggta	22518	     3803	     6815
gggtc	52971	     7700	     13405
gggtg	52281	     2934	     31498
gggtt	19931	     7242	     10648
ggtaa	20754	     23827	     0
ggtac	14950	     13813	     17220
ggtag	16909	     15260	     0
ggtat	13546	     20158	     12021
ggtca	78146	     45834	     8407
ggtcc	27397	     32349	     15337
ggtcg	29679	     29001	     13878
ggtct	35097	     41452	     6068
ggtga	80348	     48866	     0
ggtgc	106608	     43095	     11754
ggtgg	153955	     85587	     11121
ggtgt	42379	     34336	     6127
ggtta	30954	     13404	     4259
ggttc	32334	     26809	     21619
ggttg	29967	     12535	     14276
ggttt	24931	     24501	     12629
gtaaa	0	     30829	     15877
gtaac	0	     17535	     19222
gtaag	0	     10160	     19009
gtaat	0	     21826	     20658
gtaca	64729	     14562	     9697
gtacc	35011	     14721	     15262
gtacg	54950	     8866	     10926
gtact	41441	     18013	     10594
gtaga	0	     24317	     6045
gtagc	0	     18802	     22212
gtagg	0	     8581	     5068
gtagt	0	     14825	     14010
gtata	17277	     6416	     8751
gtatc	35051	     18618	     16296
gtatg	31542	     5543	     15225
gtatt	15733	     17129	     18075
gtcaa	17202	     78127	     23093
gtcac	17661	     43651	     27679
gtcag	15082	     29775	     48532
gtcat	13254	     48432	     20768
gtcca	72162	     41709	     27190
gtccc	26574	     8956	     41336
gtccg	43162	     14001	     34824
gtcct	35440	     43215	     20758
gtcga	30477	     47925	     16175
gtcgc	52430	     19020	     45987
gtcgg	48323	     21661	     14710
gtcgt	18365	     24085	     22685
gtcta	11571	     28529	     15096
gtctc	12500	     26695	     22513
gtctg	20164	     20451	     65208
gtctt	9449	     39144	     16684
gtgaa	0	     78379	     32280
gtgac	0	     50047	     31841
gtgag	0	     27925	     42243
gtgat	0	     69593	     41522
gtgca	44687	     72964	     24159
gtgcc	33303	     72332	     66222
gtgcg	40274	     54395	     21236
gtgct	26217	     83789	     29968
gtgga	31134	     164148	     49445
gtggc	29795	     120325	     77327
gtggg	26248	     78600	     13632
gtggt	18228	     93449	     44003
gtgta	6490	     19693	     13039
gtgtc	17895	     36108	     26467
gtgtg	18866	     27450	     48162
gtgtt	7372	     37819	     21321
gttaa	13536	     36357	     0
gttac	7564	     19488	     19782
gttag	7859	     15291	     0
gttat	6185	     26802	     15057
gttca	64723	     33313	     15530
gttcc	54991	     32455	     37145
gttcg	57507	     18838	     27408
gttct	44111	     33568	     12665
gttga	34744	     35933	     0
gttgc	48039	     28229	     17918
gttgg	56736	     29878	     15298
gttgt	20162	     30333	     10200
gttta	27733	     15428	     9869
gtttc	30304	     28918	     33566
gtttg	46173	     17787	     34882
gtttt	19069	     33944	     20444
taaaa	32837	     0	     25335
taaac	19967	     0	     31192
taaag	22478	     0	     48175
taaat	18359	     0	     33998
taaca	40080	     0	     16702
taacc	21916	     0	     29679
taacg	25436	     0	     18191
taact	26690	     0	     15238
taaga	42578	     0	     9739
taagc	41905	     0	     20624
taagg	46410	     0	     12487
taagt	22658	     0	     15622
taata	28377	     0	     15017
taatc	34473	     0	     27717
taatg	38228	     0	     35010
taatt	17998	     0	     22187
tacaa	19844	     94196	     15719
tacac	13989	     46301	     13865
tacag	17475	     33305	     26074
tacat	11048	     57715	     8870
tacca	40524	     51886	     18996
taccc	17885	     13736	     27704
taccg	23554	     26171	     18200
tacct	17760	     38147	     10646
tacga	16343	     99019	     9930
tacgc	21802	     35523	     17511
tacgg	33083	     42948	     7932
tacgt	9104	     32181	     8516
tacta	10341	     36231	     11056
tactc	16015	     36835	     21590
tactg	18076	     28685	     35777
tactt	11287	     52975	     14733
tagaa	11256	     0	     21783
tagac	6690	     0	     20956
tagag	8037	     0	     32082
tagat	6252	     0	     24869
tagca	39668	     0	     13777
tagcc	19748	     0	     34765
tagcg	24032	     0	     12719
tagct	23543	     0	     18331
tagga	10450	     0	     10853
taggc	9032	     0	     13340
taggg	10294	     0	     2759
taggt	4141	     0	     7548
tagta	12485	     0	     7641
tagtc	18595	     0	     14670
tagtg	23245	     0	     23997
tagtt	14893	     0	     14459
tataa	20810	     25112	     0
tatac	18396	     16631	     18569
tatag	17893	     12269	     0
tatat	18446	     28635	     15618
tatca	35053	     32993	     13994
tatcc	23790	     41961	     33724
tatcg	29438	     26484	     24863
tatct	20699	     39416	     10889
tatga	28324	     40996	     0
tatgc	34275	     43427	     13152
tatgg	35358	     35454	     9226
tatgt	18471	     40457	     6429
tatta	23371	     10898	     7904
tattc	28456	     17637	     31581
tattg	37888	     12137	     21565
tattt	21346	     30512	     23006
tcaaa	41564	     33047	     49064
tcaac	30795	     23399	     103803
tcaag	30673	     14142	     153959
tcaat	23688	     19030	     78261
tcaca	40466	     20366	     31959
tcacc	26820	     27187	     95659
tcacg	27892	     10332	     38493
tcact	25980	     21049	     26977
tcaga	52140	     24117	     10795
tcagc	79044	     26293	     72526
tcagg	63747	     12338	     16256
tcagt	41580	     15550	     39884
tcata	13535	     6190	     29682
tcatc	37471	     34584	     98836
tcatg	27589	     5091	     60958
tcatt	15505	     17630	     52850
tccaa	32941	     94108	     35076
tccac	43132	     69661	     43916
tccag	43368	     54631	     92892
tccat	25711	     66654	     31331
tccca	83212	     41982	     14482
tcccc	29688	     17232	     20099
tcccg	60362	     22788	     17157
tccct	37607	     40655	     6415
tccga	30842	     68288	     17199
tccgc	64455	     47514	     40165
tccgg	67336	     51356	     25815
tccgt	23563	     39004	     20895
tccta	13393	     23416	     22033
tcctc	29129	     60072	     49663
tcctg	38640	     26575	     116439
tcctt	19683	     45130	     30688
tcgaa	20848	     49569	     49124
tcgac	19566	     29405	     70233
tcgag	20302	     23463	     115597
tcgat	16991	     37115	     89018
tcgca	63349	     58979	     16983
tcgcc	38240	     62147	     71157
tcgcg	40208	     28509	     12752
tcgct	33542	     56844	     20833
tcgga	15197	     79324	     34093
tcggc	17644	     57119	     52262
tcggg	26218	     39000	     12361
tcggt	9566	     41431	     29763
tcgta	12362	     14411	     13900
tcgtc	31029	     32796	     42442
tcgtg	26616	     11606	     51265
tcgtt	16401	     24355	     27789
tctaa	28169	     15478	     0
tctac	18654	     14111	     88478
tctag	17869	     11495	     0
tctat	16059	     12904	     45647
tctca	46810	     16627	     18855
tctcc	20081	     19264	     61653
tctcg	25143	     11404	     44531
tctct	28071	     17258	     16108
tctga	68184	     24165	     0
tctgc	102981	     27997	     55510
tctgg	117309	     30420	     34366
tctgt	40485	     20372	     19356
tctta	23171	     5044	     8618
tcttc	26850	     22562	     100588
tcttg	19989	     6265	     30646
tcttt	18235	     14541	     57410
tgaaa	57328	     0	     52867
tgaac	35950	     0	     84160
tgaag	46556	     0	     131302
tgaat	28412	     0	     62457
tgaca	49359	     0	     26915
tgacc	26758	     0	     89404
tgacg	40657	     0	     41938
tgact	36629	     0	     26317
tgaga	64866	     0	     18291
tgagc	64668	     0	     62015
tgagg	84919	     0	     25516
tgagt	39030	     0	     32768
tgata	36859	     0	     31826
tgatc	50230	     0	     86677
tgatg	71054	     0	     89606
tgatt	32583	     0	     51813
tgcaa	27963	     59728	     62725
tgcac	28596	     30623	     72649
tgcag	47285	     26093	     160955
tgcat	20199	     43704	     40098
tgcca	122144	     37946	     59568
tgccc	65746	     17170	     111897
tgccg	89714	     22381	     69214
tgcct	54219	     38556	     26917
tgcga	24728	     59629	     44811
tgcgc	27327	     23187	     87201
tgcgg	58668	     32766	     36150
tgcgt	12590	     25791	     43369
tgcta	21151	     18327	     34439
tgctc	45794	     28406	     91355
tgctg	59726	     21372	     176944
tgctt	19936	     29890	     36346
tggaa	54659	     42662	     90654
tggac	48478	     23118	     144024
tggag	67376	     16574	     223960
tggat	40820	     33673	     117617
tggca	107448	     31658	     50644
tggcc	52246	     16526	     210586
tggcg	87506	     22574	     63168
tggct	55329	     36104	     66493
tggga	14762	     40643	     59459
tgggc	17417	     22063	     137835
tgggg	21884	     20953	     13905
tgggt	8509	     20949	     59490
tggta	22890	     12971	     24949
tggtc	42545	     19821	     81718
tggtg	63932	     14508	     136764
tggtt	24676	     23717	     45205
tgtaa	23857	     9705	     0
tgtac	16173	     6550	     62902
tgtag	18299	     4560	     0
tgtat	12260	     8089	     27504
tgtca	46448	     14757	     16245
tgtcc	35759	     22622	     72107
tgtcg	26680	     13659	     41639
tgtct	28981	     16812	     16870
tgtga	64613	     24491	     0
tgtgc	75175	     23610	     51784
tgtgg	122001	     20202	     37663
tgtgt	32545	     19871	     15922
tgtta	25776	     3922	     9539
tgttc	30026	     10474	     68790
tgttg	31340	     6566	     45099
tgttt	24160	     15198	     38179
ttaaa	0	     26091	     32021
ttaac	0	     12804	     39135
ttaag	0	     12509	     60687
ttaat	0	     15835	     36068
ttaca	30356	     8398	     16752
ttacc	22316	     11421	     33326
ttacg	27581	     5079	     22763
ttact	24716	     12215	     14372
ttaga	0	     15326	     7898
ttagc	0	     11986	     32194
ttagg	0	     5832	     10565
ttagt	0	     9195	     18585
ttata	15487	     4702	     23052
ttatc	22520	     11442	     36674
ttatg	26162	     4055	     36548
ttatt	12383	     11244	     33672
ttcaa	22643	     98022	     34082
ttcac	17866	     48760	     28876
ttcag	19495	     34342	     57049
ttcat	14372	     67808	     20174
ttcca	53860	     63042	     30592
ttccc	27654	     26068	     48761
ttccg	44490	     41251	     36099
ttcct	26152	     72897	     18353
ttcga	27118	     105527	     19781
ttcgc	39379	     42562	     37272
ttcgg	46680	     44482	     15995
ttcgt	16896	     45047	     18137
ttcta	12327	     39486	     20613
ttctc	15591	     41562	     33381
ttctg	23414	     31652	     73796
ttctt	10856	     58617	     22505
ttgaa	0	     51381	     40713
ttgac	0	     28121	     38440
ttgag	0	     27144	     66447
ttgat	0	     36739	     45623
ttgca	27904	     48429	     24723
ttgcc	23188	     44358	     75941
ttgcg	25351	     29917	     24066
ttgct	18741	     48115	     29434
ttgga	22794	     96235	     45884
ttggc	21687	     73689	     68109
ttggg	21610	     49255	     14387
ttggt	14972	     46275	     31923
ttgta	7056	     15036	     18166
ttgtc	13831	     24867	     37575
ttgtg	19717	     16446	     77153
ttgtt	8145	     25627	     27756
tttaa	22185	     42853	     0
tttac	11902	     23373	     36666
tttag	13614	     18892	     0
tttat	10577	     37873	     22876
tttca	40771	     31674	     18472
tttcc	36100	     32979	     40815
tttcg	43568	     21703	     33658
tttct	27577	     38251	     16244
tttga	40727	     60947	     0
tttgc	46167	     50334	     31191
tttgg	80634	     54403	     26645
tttgt	24037	     52664	     14253
tttta	22420	     14126	     15720
ttttc	23982	     21689	     44272
ttttg	37321	     16143	     50174
ttttt	11516	     27227	     23736
