aaaaa	0.000864	     0.00186	     0.0011
aaaac	0.000865	     0.00107	     0.00134
aaaag	0.0008	     0.000718	     0.00258
aaaat	0.000641	     0.00141	     0.00125
aaaca	0.00122	     0.0011	     0.000768
aaacc	0.000625	     0.000917	     0.00102
aaacg	0.00104	     0.000769	     0.0011
aaact	0.000785	     0.00131	     0.000718
aaaga	0.00179	     0.00126	     0.000468
aaagc	0.00153	     0.000854	     0.000836
aaagg	0.00193	     0.000566	     0.000569
aaagt	0.00101	     0.000979	     0.000706
aaata	0.000826	     0.00057	     0.000777
aaatc	0.00109	     0.00111	     0.00132
aaatg	0.00155	     0.000517	     0.00169
aaatt	0.00053	     0.000959	     0.000921
aacaa	0.000867	     0.00369	     0.00118
aacac	0.000518	     0.00149	     0.000631
aacag	0.000774	     0.00134	     0.00241
aacat	0.000441	     0.00214	     0.000593
aacca	0.00129	     0.00155	     0.000822
aaccc	0.000517	     0.000462	     0.000788
aaccg	0.000825	     0.00073	     0.000855
aacct	0.000489	     0.00119	     0.000385
aacga	0.000677	     0.00296	     0.000531
aacgc	0.00084	     0.00106	     0.000853
aacgg	0.00112	     0.00133	     0.000517
aacgt	0.000296	     0.000991	     0.000489
aacta	0.000469	     0.00118	     0.000631
aactc	0.000563	     0.00143	     0.000669
aactg	0.000857	     0.000941	     0.00248
aactt	0.000394	     0.00166	     0.000697
aagaa	0.000409	     0.00438	     0.00115
aagac	0.000296	     0.00185	     0.000793
aagag	0.000337	     0.00138	     0.00162
aagat	0.00024	     0.00243	     0.00115
aagca	0.000853	     0.00272	     0.000601
aagcc	0.000403	     0.00206	     0.000998
aagcg	0.000643	     0.00195	     0.000699
aagct	0.000439	     0.00253	     0.000692
aagga	0.000541	     0.00516	     0.00078
aaggc	0.000348	     0.00252	     0.000632
aaggg	0.000505	     0.00169	     0.000171
aaggt	0.000138	     0.00194	     0.00047
aagta	0.000373	     0.0011	     0.000423
aagtc	0.000524	     0.00156	     0.000582
aagtg	0.000839	     0.00111	     0.00146
aagtt	0.000376	     0.0019	     0.000657
aataa	0.000533	     0.0014	     1.28e-07
aatac	0.000441	     0.000791	     0.000818
aatag	0.000489	     0.000687	     1.28e-07
aatat	0.000392	     0.00128	     0.000715
aatca	0.000957	     0.00147	     0.000611
aatcc	0.00063	     0.00183	     0.00111
aatcg	0.00103	     0.00107	     0.00116
aatct	0.000525	     0.00178	     0.000555
aatga	0.000967	     0.00183	     1.28e-07
aatgc	0.0011	     0.00204	     0.000569
aatgg	0.00154	     0.00201	     0.000576
aatgt	0.000555	     0.00175	     0.000304
aatta	0.000539	     0.000338	     0.000358
aattc	0.000631	     0.000902	     0.000994
aattg	0.00102	     0.00052	     0.00117
aattt	0.000458	     0.00106	     0.000624
acaaa	0.000804	     0.000969	     0.0016
acaac	0.000955	     0.00116	     0.00342
acaag	0.000548	     0.000397	     0.00412
acaat	0.000432	     0.000682	     0.0024
acaca	0.000635	     0.000614	     0.000975
acacc	0.000416	     0.000913	     0.00206
acacg	0.000481	     0.000314	     0.00145
acact	0.000382	     0.000664	     0.000749
acaga	0.00112	     0.000924	     0.00043
acagc	0.00205	     0.000952	     0.00221
acagg	0.00133	     0.000443	     0.000526
acagt	0.00064	     0.000611	     0.00105
acata	0.000241	     0.000257	     0.00108
acatc	0.000643	     0.0009	     0.00252
acatg	0.000522	     0.000207	     0.0023
acatt	0.00028	     0.000658	     0.00174
accaa	0.000762	     0.00278	     0.00101
accac	0.00105	     0.00242	     0.00145
accag	0.000927	     0.00129	     0.00257
accat	0.000472	     0.00205	     0.000876
accca	0.00155	     0.00132	     0.000432
acccc	0.000388	     0.000375	     0.000491
acccg	0.000904	     0.000522	     0.000488
accct	0.000549	     0.00105	     0.000172
accga	0.000663	     0.00184	     0.000487
accgc	0.00122	     0.0011	     0.00108
accgg	0.000994	     0.000924	     0.000501
accgt	0.000295	     0.00102	     0.00039
accta	0.000264	     0.0008	     0.000558
acctc	0.00047	     0.00109	     0.000767
acctg	0.000599	     0.000763	     0.00237
acctt	0.000298	     0.0012	     0.000545
acgaa	0.000409	     0.000947	     0.00184
acgac	0.000427	     0.000758	     0.00252
acgag	0.000353	     0.000429	     0.00411
acgat	0.00028	     0.000705	     0.00273
acgca	0.000974	     0.000996	     0.000568
acgcc	0.000523	     0.00148	     0.00197
acgcg	0.000637	     0.000564	     0.000571
acgct	0.000452	     0.00113	     0.000599
acgga	0.000332	     0.00208	     0.00134
acggc	0.000339	     0.00137	     0.0018
acggg	0.000438	     0.00091	     0.000398
acggt	0.000123	     0.00094	     0.000716
acgta	0.000227	     0.000267	     0.00044
acgtc	0.000463	     0.000471	     0.000781
acgtg	0.000458	     0.000247	     0.00164
acgtt	0.000267	     0.000506	     0.000636
actaa	0.000537	     0.000467	     1.28e-07
actac	0.000368	     0.000525	     0.00256
actag	0.000349	     0.0003	     1.28e-07
actat	0.000289	     0.000403	     0.00147
actca	0.000798	     0.000526	     0.000657
actcc	0.000429	     0.000892	     0.00178
actcg	0.000434	     0.000362	     0.00161
actct	0.000502	     0.000697	     0.000533
actga	0.00141	     0.000828	     1.28e-07
actgc	0.00184	     0.000906	     0.00148
actgg	0.00224	     0.000907	     0.00118
actgt	0.000593	     0.0007	     0.00056
actta	0.0005	     0.000205	     0.000324
acttc	0.000531	     0.000645	     0.00243
acttg	0.000428	     0.000291	     0.00143
acttt	0.000471	     0.000703	     0.00199
agaaa	0.000982	     0.00063	     0.00194
agaac	0.000699	     0.00029	     0.00293
agaag	0.00105	     0.000371	     0.00519
agaat	0.000484	     0.00034	     0.00189
agaca	0.000762	     0.000265	     0.000902
agacc	0.000324	     0.000327	     0.00186
agacg	0.000687	     0.000252	     0.00167
agact	0.000511	     0.000268	     0.000766
agaga	0.00107	     0.000433	     0.000515
agagc	0.00116	     0.000359	     0.002
agagg	0.00161	     0.000226	     0.000703
agagt	0.000617	     0.000234	     0.000942
agata	0.000656	     0.000145	     0.000898
agatc	0.000938	     0.000368	     0.00279
agatg	0.00136	     0.000139	     0.00225
agatt	0.000515	     0.000383	     0.00151
agcaa	0.000672	     0.00265	     0.00268
agcac	0.000595	     0.00141	     0.0023
agcag	0.00129	     0.00208	     0.00698
agcat	0.000384	     0.0015	     0.00134
agcca	0.00175	     0.00125	     0.0016
agccc	0.00068	     0.000367	     0.00177
agccg	0.00121	     0.00046	     0.00191
agcct	0.000659	     0.000918	     0.000616
agcga	0.000509	     0.00216	     0.00137
agcgc	0.000574	     0.000757	     0.00214
agcgg	0.0013	     0.00124	     0.00145
agcgt	0.000222	     0.000781	     0.00116
agcta	0.000493	     0.000792	     0.0011
agctc	0.000843	     0.00129	     0.00136
agctg	0.00131	     0.000637	     0.00503
agctt	0.000407	     0.00113	     0.000898
aggaa	0.000593	     0.00083	     0.00271
aggac	0.000634	     0.000381	     0.0032
aggag	0.00105	     0.000424	     0.00706
aggat	0.00062	     0.000547	     0.00374
aggca	0.000735	     0.000519	     0.00145
aggcc	0.000272	     0.00032	     0.00286
aggcg	0.000815	     0.000424	     0.00239
aggct	0.000331	     0.000301	     0.00139
aggga	0.000143	     0.00101	     0.00139
agggc	0.000131	     0.000423	     0.00229
agggg	0.000198	     0.00029	     0.000328
agggt	6.17e-05	     0.000292	     0.00114
aggta	0.000194	     0.000104	     0.000502
aggtc	0.000439	     0.000182	     0.00123
aggtg	0.000733	     0.000127	     0.00332
aggtt	0.00021	     0.000206	     0.000917
agtaa	0.000369	     0.000551	     1.28e-07
agtac	0.000275	     0.000401	     0.00221
agtag	0.000339	     0.000458	     1.28e-07
agtat	0.000217	     0.000395	     0.00104
agtca	0.000651	     0.000726	     0.000648
agtcc	0.000375	     0.00103	     0.00158
agtcg	0.000435	     0.000599	     0.00154
agtct	0.000323	     0.000745	     0.000509
agtga	0.000825	     0.00105	     1.28e-07
agtgc	0.00119	     0.00127	     0.00167
agtgg	0.00176	     0.00125	     0.00104
agtgt	0.000417	     0.000836	     0.000523
agtta	0.000453	     0.000208	     0.000383
agttc	0.000628	     0.000911	     0.00267
agttg	0.000642	     0.00032	     0.00181
agttt	0.000436	     0.000791	     0.00138
ataaa	1.29e-07	     0.000834	     0.000761
ataac	1.29e-07	     0.000634	     0.00107
ataag	1.29e-07	     0.00039	     0.00127
ataat	1.29e-07	     0.00072	     0.00116
ataca	0.000666	     0.000535	     0.000515
atacc	0.000427	     0.000788	     0.000823
atacg	0.000654	     0.000426	     0.000796
atact	0.000466	     0.000663	     0.000405
ataga	1.29e-07	     0.000762	     0.00029
atagc	1.29e-07	     0.00075	     0.000889
atagg	1.29e-07	     0.000255	     0.000284
atagt	1.29e-07	     0.000522	     0.000561
atata	0.000374	     0.000339	     0.000846
atatc	0.000599	     0.000753	     0.00108
atatg	0.000695	     0.00027	     0.00124
atatt	0.000344	     0.000825	     0.00101
atcaa	0.000583	     0.00293	     0.00112
atcac	0.000485	     0.00142	     0.00129
atcag	0.000562	     0.001	     0.00241
atcat	0.000383	     0.00188	     0.000995
atcca	0.00128	     0.00146	     0.00121
atccc	0.000712	     0.000389	     0.00221
atccg	0.00118	     0.00082	     0.00195
atcct	0.000858	     0.0016	     0.000842
atcga	0.000867	     0.00299	     0.00074
atcgc	0.00119	     0.00106	     0.00178
atcgg	0.00136	     0.000997	     0.000738
atcgt	0.000441	     0.00109	     0.000781
atcta	0.000338	     0.00095	     0.000751
atctc	0.000467	     0.000999	     0.00122
atctg	0.000704	     0.000817	     0.00336
atctt	0.00034	     0.00128	     0.000844
atgaa	1.29e-07	     0.00193	     0.00159
atgac	1.29e-07	     0.00106	     0.0016
atgag	1.29e-07	     0.000763	     0.00265
atgat	1.29e-07	     0.00149	     0.00184
atgca	0.00046	     0.00169	     0.00106
atgcc	0.000351	     0.0012	     0.00313
atgcg	0.000442	     0.00103	     0.00135
atgct	0.000271	     0.00159	     0.00107
atgga	0.00044	     0.00265	     0.00173
atggc	0.000351	     0.00159	     0.00259
atggg	0.000379	     0.0013	     0.000559
atggt	0.00024	     0.00121	     0.00111
atgta	0.000129	     0.000602	     0.000634
atgtc	0.000253	     0.000979	     0.00131
atgtg	0.00035	     0.0006	     0.0031
atgtt	0.000137	     0.00108	     0.000933
attaa	0.000375	     0.00119	     1.28e-07
attac	0.000228	     0.000642	     0.000862
attag	0.000262	     0.000486	     1.28e-07
attat	0.000187	     0.000981	     0.00064
attca	0.000911	     0.00106	     0.000537
attcc	0.000861	     0.00115	     0.00115
attcg	0.00108	     0.000791	     0.00102
attct	0.000666	     0.00113	     0.00042
attga	0.000726	     0.00167	     1.28e-07
attgc	0.000941	     0.00144	     0.000831
attgg	0.00136	     0.00133	     0.000658
attgt	0.00041	     0.00146	     0.000397
attta	0.000537	     0.000439	     0.000527
atttc	0.000556	     0.000834	     0.00124
atttg	0.000903	     0.000608	     0.00172
atttt	0.000443	     0.001	     0.000829
caaaa	0.00205	     0.00172	     0.000789
caaac	0.00156	     0.000957	     0.000783
caaag	0.00151	     0.000726	     0.00136
caaat	0.00129	     0.00127	     0.00107
caaca	0.00443	     0.00222	     0.00108
caacc	0.00177	     0.000784	     0.000763
caacg	0.00314	     0.000577	     0.000943
caact	0.00252	     0.00121	     0.000772
caaga	0.00448	     0.00095	     0.00026
caagc	0.00409	     0.00074	     0.000506
caagg	0.00556	     0.000602	     0.000331
caagt	0.00281	     0.000785	     0.000562
caata	0.00178	     0.000355	     0.000403
caatc	0.00272	     0.000916	     0.00053
caatg	0.00355	     0.000337	     0.000876
caatt	0.00129	     0.00093	     0.000695
cacaa	0.00127	     0.00193	     0.000733
cacac	0.00108	     0.000968	     0.00048
cacag	0.0012	     0.00077	     0.00127
cacat	0.000933	     0.00145	     0.000522
cacca	0.00421	     0.00165	     0.00138
caccc	0.00157	     0.000319	     0.00115
caccg	0.00261	     0.000454	     0.00135
cacct	0.00212	     0.000841	     0.000654
cacga	0.000958	     0.00163	     0.000329
cacgc	0.00171	     0.000687	     0.000562
cacgg	0.00213	     0.000746	     0.000269
cacgt	0.000645	     0.000603	     0.000356
cacta	0.000631	     0.000642	     0.00038
cactc	0.00107	     0.000783	     0.0005
cactg	0.00144	     0.000581	     0.00163
cactt	0.000836	     0.00109	     0.000521
cagaa	0.000542	     0.0028	     0.000995
cagac	0.000386	     0.00139	     0.00058
cagag	0.000444	     0.00125	     0.00132
cagat	0.00034	     0.00195	     0.000998
cagca	0.00415	     0.00647	     0.00134
cagcc	0.00146	     0.00193	     0.00147
cagcg	0.00272	     0.00188	     0.00108
cagct	0.00202	     0.00249	     0.00121
cagga	0.000813	     0.00381	     0.000924
caggc	0.000565	     0.00231	     0.000557
caggg	0.00074	     0.00135	     0.000165
caggt	0.00023	     0.00158	     0.000461
cagta	0.000798	     0.000863	     0.000347
cagtc	0.00144	     0.00114	     0.00047
cagtg	0.00219	     0.000865	     0.00128
cagtt	0.00114	     0.00191	     0.000701
cataa	0.000965	     0.000454	     1.28e-07
catac	0.000963	     0.000285	     0.000446
catag	0.000878	     0.000237	     1.28e-07
catat	0.000856	     0.000464	     0.000483
catca	0.00347	     0.00143	     0.000665
catcc	0.00196	     0.00115	     0.00117
catcg	0.00295	     0.000712	     0.00131
catct	0.00194	     0.00087	     0.000586
catga	0.00206	     0.000716	     1.28e-07
catgc	0.002	     0.000815	     0.00028
catgg	0.00276	     0.000773	     0.000296
catgt	0.00146	     0.000758	     0.000197
catta	0.00143	     0.000223	     0.000272
cattc	0.00189	     0.000488	     0.00078
cattg	0.00268	     0.000275	     0.000904
cattt	0.00133	     0.000733	     0.000708
ccaaa	0.00138	     0.00115	     0.00204
ccaac	0.00107	     0.000807	     0.00293
ccaag	0.000952	     0.00048	     0.00512
ccaat	0.000649	     0.000633	     0.00278
ccaca	0.00163	     0.00104	     0.00181
ccacc	0.00113	     0.00174	     0.00365
ccacg	0.00124	     0.000494	     0.00207
ccact	0.001	     0.000903	     0.00159
ccaga	0.00241	     0.00112	     0.000584
ccagc	0.0031	     0.00119	     0.00295
ccagg	0.00298	     0.000612	     0.000819
ccagt	0.00144	     0.000882	     0.00189
ccata	0.00041	     0.000258	     0.00107
ccatc	0.00125	     0.000911	     0.00284
ccatg	0.00108	     0.000227	     0.00257
ccatt	0.000539	     0.000738	     0.00252
cccaa	0.000411	     0.00264	     0.00116
cccac	0.000507	     0.00181	     0.00126
cccag	0.000525	     0.00126	     0.00251
cccat	0.00028	     0.00181	     0.000874
cccca	0.000887	     0.000942	     0.000533
ccccc	0.000239	     0.000336	     0.000504
ccccg	0.000561	     0.000344	     0.000537
cccct	0.000374	     0.000635	     0.000228
cccga	0.000372	     0.00169	     0.000441
cccgc	0.00064	     0.000997	     0.000972
cccgg	0.000641	     0.000913	     0.000444
cccgt	0.000221	     0.000951	     0.00049
cccta	0.000126	     0.000623	     0.000544
ccctc	0.000195	     0.000822	     0.000942
ccctg	0.000281	     0.000496	     0.00254
ccctt	0.000135	     0.000952	     0.00062
ccgaa	0.00047	     0.0011	     0.00166
ccgac	0.000516	     0.000524	     0.00156
ccgag	0.000404	     0.000404	     0.00303
ccgat	0.000379	     0.000681	     0.0022
ccgca	0.00146	     0.0016	     0.000853
ccgcc	0.000899	     0.00207	     0.00312
ccgcg	0.000934	     0.000645	     0.000543
ccgct	0.000762	     0.00125	     0.00123
ccgga	0.000577	     0.00226	     0.00152
ccggc	0.000655	     0.00129	     0.00204
ccggg	0.00069	     0.00079	     0.000389
ccggt	0.000207	     0.000844	     0.00101
ccgta	0.0003	     0.000401	     0.000547
ccgtc	0.000589	     0.000474	     0.00116
ccgtg	0.000598	     0.000276	     0.00189
ccgtt	0.000363	     0.000536	     0.00103
cctaa	0.00081	     0.000324	     1.28e-07
cctac	0.00045	     0.000271	     0.00197
cctag	0.000508	     0.000192	     1.28e-07
cctat	0.00037	     0.000268	     0.00124
cctca	0.00161	     0.000491	     0.000727
cctcc	0.000574	     0.000736	     0.00198
cctcg	0.000828	     0.000281	     0.00179
cctct	0.000826	     0.00044	     0.000631
cctga	0.00221	     0.000547	     1.28e-07
cctgc	0.00324	     0.000691	     0.00141
cctgg	0.00364	     0.00068	     0.00103
cctgt	0.00119	     0.000536	     0.000635
cctta	0.00068	     0.000162	     0.000316
ccttc	0.00067	     0.000461	     0.00225
ccttg	0.0006	     0.00019	     0.00128
ccttt	0.000546	     0.000459	     0.0014
cgaaa	0.00196	     0.000939	     0.000856
cgaac	0.00151	     0.000409	     0.000987
cgaag	0.00178	     0.000381	     0.00133
cgaat	0.00105	     0.000516	     0.0012
cgaca	0.00252	     0.000596	     0.000575
cgacc	0.00106	     0.000594	     0.00075
cgacg	0.00246	     0.000573	     0.000892
cgact	0.00171	     0.000661	     0.000435
cgaga	0.00323	     0.000602	     0.000278
cgagc	0.00279	     0.000499	     0.000718
cgagg	0.00512	     0.000349	     0.000345
cgagt	0.00196	     0.000459	     0.000529
cgata	0.00149	     0.000243	     0.000423
cgatc	0.00252	     0.000573	     0.000793
cgatg	0.00398	     0.000218	     0.00112
cgatt	0.00147	     0.000703	     0.000786
cgcaa	0.000455	     0.00236	     0.000972
cgcac	0.000546	     0.00111	     0.00114
cgcag	0.000793	     0.00103	     0.00233
cgcat	0.000469	     0.00158	     0.000756
cgcca	0.0028	     0.00137	     0.00157
cgccc	0.00162	     0.000317	     0.0021
cgccg	0.0025	     0.000705	     0.00199
cgcct	0.0018	     0.00108	     0.000657
cgcga	0.000327	     0.00176	     0.000543
cgcgc	0.000381	     0.000498	     0.000883
cgcgg	0.000797	     0.000774	     0.000482
cgcgt	0.000228	     0.000733	     0.000548
cgcta	0.00038	     0.00069	     0.000504
cgctc	0.000806	     0.000716	     0.00092
cgctg	0.00122	     0.000641	     0.00291
cgctt	0.000508	     0.000945	     0.000536
cggaa	0.00128	     0.000813	     0.00178
cggac	0.00117	     0.000259	     0.00175
cggag	0.00178	     0.000336	     0.00321
cggat	0.00107	     0.000546	     0.00223
cggca	0.00272	     0.000785	     0.00123
cggcc	0.000951	     0.000377	     0.00224
cggcg	0.00272	     0.000577	     0.00179
cggct	0.00131	     0.000562	     0.0011
cggga	0.000378	     0.00144	     0.00113
cgggc	0.000393	     0.000625	     0.00156
cgggg	0.00056	     0.000315	     0.000275
cgggt	0.000174	     0.000485	     0.000825
cggta	0.000511	     0.000201	     0.000385
cggtc	0.000922	     0.000214	     0.000713
cggtg	0.00172	     0.000155	     0.00222
cggtt	0.000629	     0.000323	     0.000698
cgtaa	0.000554	     0.000455	     1.28e-07
cgtac	0.000369	     0.000239	     0.000783
cgtag	0.000464	     0.000216	     1.28e-07
cgtat	0.000346	     0.000341	     0.000519
cgtca	0.0013	     0.000727	     0.000351
cgtcc	0.000773	     0.000658	     0.000732
cgtcg	0.00101	     0.000788	     0.000888
cgtct	0.000979	     0.00075	     0.000287
cgtga	0.00125	     0.000768	     1.28e-07
cgtgc	0.00143	     0.00056	     0.000422
cgtgg	0.00288	     0.000666	     0.000422
cgtgt	0.000765	     0.000503	     0.000218
cgtta	0.00061	     0.000223	     0.000173
cgttc	0.000802	     0.000443	     0.00071
cgttg	0.000979	     0.000274	     0.000783
cgttt	0.000772	     0.000656	     0.000505
ctaaa	1.29e-07	     0.00117	     0.000443
ctaac	1.29e-07	     0.000577	     0.000377
ctaag	1.29e-07	     0.000486	     0.000646
ctaat	1.29e-07	     0.000803	     0.000465
ctaca	0.00284	     0.000481	     0.000414
ctacc	0.00143	     0.000422	     0.000495
ctacg	0.00262	     0.000304	     0.000406
ctact	0.00181	     0.00063	     0.000388
ctaga	1.29e-07	     0.000707	     0.000186
ctagc	1.29e-07	     0.000443	     0.000468
ctagg	1.29e-07	     0.000235	     0.000188
ctagt	1.29e-07	     0.000379	     0.000387
ctata	0.000914	     0.000229	     0.000292
ctatc	0.00154	     0.00055	     0.000366
ctatg	0.00195	     0.000199	     0.000431
ctatt	0.000766	     0.000541	     0.000525
ctcaa	0.000697	     0.00218	     0.000687
ctcac	0.00063	     0.00103	     0.000385
ctcag	0.000562	     0.000836	     0.000974
ctcat	0.000541	     0.0012	     0.00038
ctcca	0.0028	     0.00094	     0.00105
ctccc	0.00104	     0.000175	     0.000883
ctccg	0.00186	     0.00037	     0.00101
ctcct	0.00155	     0.000904	     0.000745
ctcga	0.00124	     0.00117	     0.000337
ctcgc	0.00175	     0.000407	     0.000581
ctcgg	0.00176	     0.000522	     0.000236
ctcgt	0.000789	     0.00052	     0.000393
ctcta	0.000437	     0.000674	     0.000419
ctctc	0.000469	     0.000779	     0.000434
ctctg	0.000821	     0.000576	     0.00153
ctctt	0.000382	     0.00115	     0.000427
ctgaa	1.29e-07	     0.00299	     0.000877
ctgac	1.29e-07	     0.00155	     0.000538
ctgag	1.29e-07	     0.00128	     0.00108
ctgat	1.29e-07	     0.00227	     0.000843
ctgca	0.00179	     0.00357	     0.000872
ctgcc	0.00118	     0.00249	     0.00175
ctgcg	0.00151	     0.00207	     0.000654
ctgct	0.00109	     0.00347	     0.00118
ctgga	0.00115	     0.00507	     0.00125
ctggc	0.00106	     0.00321	     0.00144
ctggg	0.00108	     0.00219	     0.000328
ctggt	0.000729	     0.00242	     0.000893
ctgta	0.000268	     0.000763	     0.000387
ctgtc	0.000676	     0.00112	     0.000601
ctgtg	0.000922	     0.000904	     0.00125
ctgtt	0.000395	     0.00132	     0.000681
cttaa	0.000439	     0.000985	     1.28e-07
cttac	0.000226	     0.00044	     0.000401
cttag	0.000273	     0.00037	     1.28e-07
cttat	0.000189	     0.000614	     0.000365
cttca	0.00277	     0.000773	     0.000509
cttcc	0.00202	     0.000524	     0.000758
cttcg	0.00243	     0.000443	     0.000756
cttct	0.0019	     0.00078	     0.000441
cttga	0.00102	     0.000627	     1.28e-07
cttgc	0.00102	     0.000394	     0.000358
cttgg	0.00192	     0.000517	     0.000353
cttgt	0.000559	     0.000431	     0.000233
cttta	0.00134	     0.000298	     0.000326
ctttc	0.00125	     0.000593	     0.000578
ctttg	0.00256	     0.000321	     0.00103
ctttt	0.000807	     0.000769	     0.000506
gaaaa	0.00155	     0.0024	     0.000653
gaaac	0.00136	     0.00141	     0.000743
gaaag	0.000947	     0.00101	     0.0011
gaaat	0.000906	     0.00181	     0.000814
gaaca	0.00241	     0.00126	     0.000327
gaacc	0.00118	     0.00101	     0.000569
gaacg	0.00183	     0.000926	     0.000419
gaact	0.00148	     0.00173	     0.000405
gaaga	0.00319	     0.00228	     0.000308
gaagc	0.00302	     0.00125	     0.000464
gaagg	0.00318	     0.000781	     0.00031
gaagt	0.00156	     0.0012	     0.000446
gaata	0.00104	     0.000536	     0.000294
gaatc	0.00177	     0.00124	     0.000575
gaatg	0.00194	     0.000522	     0.000699
gaatt	0.00068	     0.00111	     0.000463
gacaa	0.000724	     0.00306	     0.000422
gacac	0.000666	     0.0014	     0.000447
gacag	0.000658	     0.00109	     0.000791
gacat	0.000467	     0.00227	     0.000343
gacca	0.00243	     0.00113	     0.000516
gaccc	0.00088	     0.000393	     0.000731
gaccg	0.00108	     0.000511	     0.00049
gacct	0.000966	     0.00107	     0.000314
gacga	0.000925	     0.00364	     0.000353
gacgc	0.00127	     0.000915	     0.000715
gacgg	0.00146	     0.000918	     0.00024
gacgt	0.00039	     0.000944	     0.000349
gacta	0.000409	     0.00114	     0.000251
gactc	0.000553	     0.00124	     0.000438
gactg	0.000746	     0.000844	     0.00106
gactt	0.000415	     0.00182	     0.000333
gagaa	0.000474	     0.0042	     0.000511
gagac	0.000312	     0.00171	     0.000373
gagag	0.000326	     0.00133	     0.000689
gagat	0.000347	     0.00271	     0.000691
gagca	0.002	     0.00348	     0.000649
gagcc	0.000767	     0.00163	     0.00094
gagcg	0.00121	     0.00199	     0.000489
gagct	0.000971	     0.00296	     0.000682
gagga	0.000664	     0.00696	     0.000917
gaggc	0.000498	     0.00288	     0.000617
gaggg	0.000605	     0.00185	     0.000126
gaggt	0.000174	     0.00217	     0.000445
gagta	0.000406	     0.00113	     0.000235
gagtc	0.000815	     0.00138	     0.000363
gagtg	0.001	     0.00109	     0.000843
gagtt	0.000448	     0.00214	     0.000438
gataa	0.000681	     0.00159	     1.28e-07
gatac	0.000664	     0.000936	     0.000477
gatag	0.000578	     0.000702	     1.28e-07
gatat	0.000579	     0.00154	     0.000422
gatca	0.00227	     0.00182	     0.000382
gatcc	0.00128	     0.00191	     0.000882
gatcg	0.00172	     0.00141	     0.00074
gatct	0.00125	     0.00226	     0.00043
gatga	0.00175	     0.00377	     1.28e-07
gatgc	0.00181	     0.00238	     0.000335
gatgg	0.00188	     0.00205	     0.000302
gatgt	0.000926	     0.00219	     0.000203
gatta	0.000893	     0.000609	     0.000223
gattc	0.00108	     0.00115	     0.000939
gattg	0.00153	     0.000704	     0.000808
gattt	0.000683	     0.00157	     0.000533
gcaaa	0.00165	     0.000879	     0.00153
gcaac	0.00221	     0.000845	     0.00284
gcaag	0.000936	     0.000356	     0.00373
gcaat	0.000971	     0.000601	     0.00215
gcaca	0.00208	     0.000709	     0.000888
gcacc	0.00119	     0.000995	     0.00232
gcacg	0.00141	     0.000381	     0.000924
gcact	0.0012	     0.000802	     0.000936
gcaga	0.0029	     0.00108	     0.000428
gcagc	0.00624	     0.00208	     0.00331
gcagg	0.00355	     0.000649	     0.000585
gcagt	0.00187	     0.000788	     0.00159
gcata	0.000516	     0.00022	     0.000745
gcatc	0.00152	     0.000896	     0.0024
gcatg	0.000903	     0.000177	     0.00185
gcatt	0.000588	     0.000714	     0.00172
gccaa	0.00121	     0.00454	     0.000976
gccac	0.00172	     0.00275	     0.00117
gccag	0.00142	     0.00207	     0.00245
gccat	0.000828	     0.00309	     0.000721
gccca	0.00332	     0.00224	     0.000386
gcccc	0.000976	     0.000581	     0.000539
gcccg	0.00176	     0.000809	     0.0004
gccct	0.00115	     0.00174	     0.000168
gccga	0.00101	     0.00283	     0.000397
gccgc	0.00234	     0.00221	     0.000955
gccgg	0.00207	     0.00163	     0.000514
gccgt	0.000649	     0.00148	     0.000427
gccta	0.000374	     0.00106	     0.000471
gcctc	0.000633	     0.0015	     0.000843
gcctg	0.000704	     0.00101	     0.00237
gcctt	0.000397	     0.00174	     0.000543
gcgaa	0.000944	     0.000908	     0.00154
gcgac	0.0011	     0.000522	     0.00185
gcgag	0.000722	     0.000373	     0.00299
gcgat	0.000724	     0.000682	     0.00226
gcgca	0.00232	     0.000911	     0.000404
gcgcc	0.00124	     0.000945	     0.00178
gcgcg	0.00135	     0.000431	     0.00029
gcgct	0.00106	     0.000858	     0.000552
gcgga	0.00075	     0.00227	     0.00154
gcggc	0.000965	     0.00201	     0.0025
gcggg	0.0012	     0.000948	     0.000396
gcggt	0.000358	     0.00102	     0.00129
gcgta	0.000468	     0.000217	     0.000392
gcgtc	0.00122	     0.000401	     0.00103
gcgtg	0.000878	     0.000204	     0.00146
gcgtt	0.000622	     0.00043	     0.000783
gctaa	0.00112	     0.00067	     1.28e-07
gctac	0.000628	     0.000479	     0.00191
gctag	0.000536	     0.000397	     1.28e-07
gctat	0.000523	     0.00055	     0.0013
gctca	0.0019	     0.000884	     0.000566
gctcc	0.00099	     0.0014	     0.00189
gctcg	0.000834	     0.000548	     0.00098
gctct	0.00128	     0.00112	     0.000528
gctga	0.00312	     0.00121	     1.28e-07
gctgc	0.00444	     0.00195	     0.00124
gctgg	0.00464	     0.00139	     0.000929
gctgt	0.00149	     0.00104	     0.000565
gctta	0.000753	     0.00024	     0.000274
gcttc	0.000748	     0.000685	     0.00186
gcttg	0.000523	     0.000262	     0.00103
gcttt	0.000596	     0.000808	     0.00111
ggaaa	0.00255	     0.00158	     0.00063
ggaac	0.00204	     0.000942	     0.000827
ggaag	0.00177	     0.000705	     0.00107
ggaat	0.00132	     0.00108	     0.000747
ggaca	0.00367	     0.00105	     0.000352
ggacc	0.00119	     0.00103	     0.000437
ggacg	0.00254	     0.000754	     0.000399
ggact	0.00213	     0.00105	     0.000247
ggaga	0.0045	     0.00112	     0.0002
ggagc	0.00495	     0.00177	     0.000628
ggagg	0.00564	     0.00143	     0.000235
ggagt	0.00245	     0.0011	     0.000361
ggata	0.00192	     0.00047	     0.000373
ggatc	0.00303	     0.00138	     0.000704
ggatg	0.00375	     0.000444	     0.000691
ggatt	0.00142	     0.0013	     0.00057
ggcaa	0.000973	     0.0033	     0.000521
ggcac	0.00116	     0.00155	     0.000591
ggcag	0.00153	     0.00189	     0.00111
ggcat	0.000735	     0.00223	     0.000406
ggcca	0.00539	     0.00151	     0.00048
ggccc	0.00165	     0.000317	     0.000431
ggccg	0.00254	     0.000466	     0.000379
ggcct	0.00173	     0.00108	     0.000143
ggcga	0.00114	     0.00284	     0.000425
ggcgc	0.00165	     0.00105	     0.000692
ggcgg	0.00296	     0.00264	     0.000413
ggcgt	0.000541	     0.00134	     0.000359
ggcta	0.000786	     0.00113	     0.000329
ggctc	0.00132	     0.00107	     0.000374
ggctg	0.0018	     0.000799	     0.0012
ggctt	0.000665	     0.00127	     0.000257
gggaa	0.00125	     0.000432	     0.000848
gggac	0.00103	     0.000161	     0.000872
gggag	0.00114	     0.000193	     0.00149
gggat	0.00104	     0.000311	     0.00113
gggca	0.0032	     0.000428	     0.000419
gggcc	0.000966	     0.000265	     0.000786
gggcg	0.00248	     0.000246	     0.000481
gggct	0.00141	     0.00031	     0.000374
gggga	0.000249	     0.000701	     0.000418
ggggc	0.000339	     0.000376	     0.000661
ggggg	0.000348	     0.000277	     7.68e-05
ggggt	0.000102	     0.000237	     0.000309
gggta	0.00058	     9.32e-05	     0.000175
gggtc	0.00136	     0.000189	     0.000344
gggtg	0.00135	     7.19e-05	     0.000809
gggtt	0.000513	     0.000177	     0.000274
ggtaa	0.000535	     0.000583	     1.28e-07
ggtac	0.000385	     0.000338	     0.000442
ggtag	0.000436	     0.000374	     1.28e-07
ggtat	0.000349	     0.000494	     0.000309
ggtca	0.00201	     0.00112	     0.000216
ggtcc	0.000706	     0.000792	     0.000394
ggtcg	0.000764	     0.00071	     0.000357
ggtct	0.000904	     0.00101	     0.000156
ggtga	0.00207	     0.0012	     1.28e-07
ggtgc	0.00275	     0.00106	     0.000302
ggtgg	0.00396	     0.0021	     0.000286
ggtgt	0.00109	     0.000841	     0.000158
ggtta	0.000797	     0.000328	     0.00011
ggttc	0.000833	     0.000656	     0.000555
ggttg	0.000772	     0.000307	     0.000367
ggttt	0.000642	     0.0006	     0.000325
gtaaa	1.29e-07	     0.000755	     0.000408
gtaac	1.29e-07	     0.000429	     0.000494
gtaag	1.29e-07	     0.000249	     0.000488
gtaat	1.29e-07	     0.000534	     0.000531
gtaca	0.00167	     0.000357	     0.000249
gtacc	0.000902	     0.00036	     0.000392
gtacg	0.00142	     0.000217	     0.000281
gtact	0.00107	     0.000441	     0.000272
gtaga	1.29e-07	     0.000595	     0.000155
gtagc	1.29e-07	     0.00046	     0.000571
gtagg	1.29e-07	     0.00021	     0.00013
gtagt	1.29e-07	     0.000363	     0.00036
gtata	0.000445	     0.000157	     0.000225
gtatc	0.000903	     0.000456	     0.000419
gtatg	0.000812	     0.000136	     0.000391
gtatt	0.000405	     0.000419	     0.000464
gtcaa	0.000443	     0.00191	     0.000593
gtcac	0.000455	     0.00107	     0.000711
gtcag	0.000389	     0.000729	     0.00125
gtcat	0.000341	     0.00119	     0.000534
gtcca	0.00186	     0.00102	     0.000699
gtccc	0.000684	     0.000219	     0.00106
gtccg	0.00111	     0.000343	     0.000895
gtcct	0.000913	     0.00106	     0.000533
gtcga	0.000785	     0.00117	     0.000416
gtcgc	0.00135	     0.000466	     0.00118
gtcgg	0.00124	     0.00053	     0.000378
gtcgt	0.000473	     0.00059	     0.000583
gtcta	0.000298	     0.000698	     0.000388
gtctc	0.000322	     0.000654	     0.000578
gtctg	0.000519	     0.000501	     0.00168
gtctt	0.000243	     0.000958	     0.000429
gtgaa	1.29e-07	     0.00192	     0.000829
gtgac	1.29e-07	     0.00123	     0.000818
gtgag	1.29e-07	     0.000684	     0.00109
gtgat	1.29e-07	     0.0017	     0.00107
gtgca	0.00115	     0.00179	     0.000621
gtgcc	0.000858	     0.00177	     0.0017
gtgcg	0.00104	     0.00133	     0.000546
gtgct	0.000675	     0.00205	     0.00077
gtgga	0.000802	     0.00402	     0.00127
gtggc	0.000767	     0.00295	     0.00199
gtggg	0.000676	     0.00192	     0.00035
gtggt	0.00047	     0.00229	     0.00113
gtgta	0.000167	     0.000482	     0.000335
gtgtc	0.000461	     0.000884	     0.00068
gtgtg	0.000486	     0.000672	     0.00124
gtgtt	0.00019	     0.000926	     0.000548
gttaa	0.000349	     0.00089	     1.28e-07
gttac	0.000195	     0.000477	     0.000508
gttag	0.000203	     0.000374	     1.28e-07
gttat	0.000159	     0.000656	     0.000387
gttca	0.00167	     0.000816	     0.000399
gttcc	0.00142	     0.000795	     0.000954
gttcg	0.00148	     0.000461	     0.000704
gttct	0.00114	     0.000822	     0.000325
gttga	0.000895	     0.00088	     1.28e-07
gttgc	0.00124	     0.000691	     0.00046
gttgg	0.00146	     0.000732	     0.000393
gttgt	0.000519	     0.000743	     0.000262
gttta	0.000714	     0.000378	     0.000254
gtttc	0.00078	     0.000708	     0.000862
gtttg	0.00119	     0.000436	     0.000896
gtttt	0.000491	     0.000831	     0.000525
taaaa	0.000846	     0.00149	     0.000651
taaac	0.000514	     0.000859	     0.000801
taaag	0.000579	     0.000614	     0.00124
taaat	0.000473	     0.00112	     0.000873
taaca	0.00103	     0.00114	     0.000429
taacc	0.000564	     0.000678	     0.000762
taacg	0.000655	     0.000568	     0.000467
taact	0.000687	     0.00106	     0.000392
taaga	0.0011	     0.00112	     0.00025
taagc	0.00108	     0.000711	     0.00053
taagg	0.0012	     0.000487	     0.000321
taagt	0.000584	     0.000742	     0.000401
taata	0.000731	     0.000365	     0.000386
taatc	0.000888	     0.000817	     0.000712
taatg	0.000985	     0.000344	     0.000899
taatt	0.000464	     0.000749	     0.00057
tacaa	0.000511	     0.00231	     0.000404
tacac	0.00036	     0.00113	     0.000356
tacag	0.00045	     0.000815	     0.00067
tacat	0.000285	     0.00141	     0.000228
tacca	0.00104	     0.00127	     0.000488
taccc	0.000461	     0.000336	     0.000712
taccg	0.000607	     0.000641	     0.000468
tacct	0.000457	     0.000934	     0.000274
tacga	0.000421	     0.00242	     0.000255
tacgc	0.000562	     0.00087	     0.00045
tacgg	0.000852	     0.00105	     0.000204
tacgt	0.000235	     0.000788	     0.000219
tacta	0.000266	     0.000887	     0.000284
tactc	0.000413	     0.000902	     0.000555
tactg	0.000466	     0.000702	     0.000919
tactt	0.000291	     0.0013	     0.000379
tagaa	0.00029	     0.00285	     0.00056
tagac	0.000172	     0.00124	     0.000538
tagag	0.000207	     0.000991	     0.000824
tagat	0.000161	     0.00177	     0.000639
tagca	0.00102	     0.00317	     0.000354
tagcc	0.000509	     0.0014	     0.000893
tagcg	0.000619	     0.00146	     0.000327
tagct	0.000606	     0.002	     0.000471
tagga	0.000269	     0.00398	     0.000279
taggc	0.000233	     0.00193	     0.000343
taggg	0.000265	     0.00122	     7.1e-05
taggt	0.000107	     0.00142	     0.000194
tagta	0.000322	     0.000775	     0.000196
tagtc	0.000479	     0.00102	     0.000377
tagtg	0.000599	     0.000768	     0.000617
tagtt	0.000384	     0.00149	     0.000372
tataa	0.000536	     0.000615	     1.28e-07
tatac	0.000474	     0.000407	     0.000477
tatag	0.000461	     0.0003	     1.28e-07
tatat	0.000475	     0.000701	     0.000401
tatca	0.000903	     0.000808	     0.00036
tatcc	0.000613	     0.00103	     0.000866
tatcg	0.000758	     0.000648	     0.000639
tatct	0.000533	     0.000965	     0.00028
tatga	0.00073	     0.001	     1.28e-07
tatgc	0.000883	     0.00106	     0.000338
tatgg	0.000911	     0.000868	     0.000237
tatgt	0.000476	     0.00099	     0.000165
tatta	0.000602	     0.000267	     0.000203
tattc	0.000733	     0.000432	     0.000811
tattg	0.000976	     0.000297	     0.000554
tattt	0.00055	     0.000747	     0.000591
tcaaa	0.00107	     0.000809	     0.00126
tcaac	0.000793	     0.000573	     0.00267
tcaag	0.00079	     0.000346	     0.00395
tcaat	0.00061	     0.000466	     0.00201
tcaca	0.00104	     0.000499	     0.000821
tcacc	0.000691	     0.000666	     0.00246
tcacg	0.000718	     0.000253	     0.000989
tcact	0.000669	     0.000515	     0.000693
tcaga	0.00134	     0.00059	     0.000277
tcagc	0.00204	     0.000644	     0.00186
tcagg	0.00164	     0.000302	     0.000418
tcagt	0.00107	     0.000381	     0.00102
tcata	0.000349	     0.000152	     0.000763
tcatc	0.000965	     0.000847	     0.00254
tcatg	0.000711	     0.000125	     0.00157
tcatt	0.000399	     0.000432	     0.00136
tccaa	0.000848	     0.0023	     0.000901
tccac	0.00111	     0.00171	     0.00113
tccag	0.00112	     0.00134	     0.00239
tccat	0.000662	     0.00163	     0.000805
tccca	0.00214	     0.00103	     0.000372
tcccc	0.000765	     0.000422	     0.000516
tcccg	0.00155	     0.000558	     0.000441
tccct	0.000969	     0.000995	     0.000165
tccga	0.000794	     0.00167	     0.000442
tccgc	0.00166	     0.00116	     0.00103
tccgg	0.00173	     0.00126	     0.000663
tccgt	0.000607	     0.000955	     0.000537
tccta	0.000345	     0.000573	     0.000566
tcctc	0.00075	     0.00147	     0.00128
tcctg	0.000995	     0.000651	     0.00299
tcctt	0.000507	     0.0011	     0.000788
tcgaa	0.000537	     0.00121	     0.00126
tcgac	0.000504	     0.00072	     0.0018
tcgag	0.000523	     0.000574	     0.00297
tcgat	0.000438	     0.000909	     0.00229
tcgca	0.00163	     0.00144	     0.000436
tcgcc	0.000985	     0.00152	     0.00183
tcgcg	0.00104	     0.000698	     0.000328
tcgct	0.000864	     0.00139	     0.000535
tcgga	0.000391	     0.00194	     0.000876
tcggc	0.000454	     0.0014	     0.00134
tcggg	0.000675	     0.000955	     0.000318
tcggt	0.000246	     0.00101	     0.000765
tcgta	0.000318	     0.000353	     0.000357
tcgtc	0.000799	     0.000803	     0.00109
tcgtg	0.000686	     0.000284	     0.00132
tcgtt	0.000422	     0.000596	     0.000714
tctaa	0.000726	     0.000379	     1.28e-07
tctac	0.00048	     0.000346	     0.00227
tctag	0.00046	     0.000282	     1.28e-07
tctat	0.000414	     0.000316	     0.00117
tctca	0.00121	     0.000407	     0.000484
tctcc	0.000517	     0.000472	     0.00158
tctcg	0.000648	     0.000279	     0.00114
tctct	0.000723	     0.000423	     0.000414
tctga	0.00176	     0.000592	     1.28e-07
tctgc	0.00265	     0.000685	     0.00143
tctgg	0.00302	     0.000745	     0.000883
tctgt	0.00104	     0.000499	     0.000497
tctta	0.000597	     0.000124	     0.000221
tcttc	0.000692	     0.000552	     0.00258
tcttg	0.000515	     0.000153	     0.000787
tcttt	0.00047	     0.000356	     0.00147
tgaaa	0.00148	     0.000788	     0.00136
tgaac	0.000926	     0.00041	     0.00216
tgaag	0.0012	     0.000364	     0.00337
tgaat	0.000732	     0.000483	     0.0016
tgaca	0.00127	     0.000477	     0.000691
tgacc	0.000689	     0.000488	     0.0023
tgacg	0.00105	     0.000395	     0.00108
tgact	0.000943	     0.000495	     0.000676
tgaga	0.00167	     0.000539	     0.00047
tgagc	0.00167	     0.000658	     0.00159
tgagg	0.00219	     0.000501	     0.000656
tgagt	0.00101	     0.000448	     0.000842
tgata	0.000949	     0.000214	     0.000818
tgatc	0.00129	     0.00058	     0.00223
tgatg	0.00183	     0.0002	     0.0023
tgatt	0.000839	     0.000597	     0.00133
tgcaa	0.00072	     0.00146	     0.00161
tgcac	0.000737	     0.00075	     0.00187
tgcag	0.00122	     0.000639	     0.00413
tgcat	0.00052	     0.00107	     0.00103
tgcca	0.00315	     0.000929	     0.00153
tgccc	0.00169	     0.00042	     0.00287
tgccg	0.00231	     0.000548	     0.00178
tgcct	0.0014	     0.000944	     0.000692
tgcga	0.000637	     0.00146	     0.00115
tgcgc	0.000704	     0.000568	     0.00224
tgcgg	0.00151	     0.000802	     0.000929
tgcgt	0.000324	     0.000631	     0.00111
tgcta	0.000545	     0.000449	     0.000885
tgctc	0.00118	     0.000695	     0.00235
tgctg	0.00154	     0.000523	     0.00455
tgctt	0.000514	     0.000732	     0.000934
tggaa	0.00141	     0.00104	     0.00233
tggac	0.00125	     0.000566	     0.0037
tggag	0.00174	     0.000406	     0.00575
tggat	0.00105	     0.000824	     0.00302
tggca	0.00277	     0.000775	     0.0013
tggcc	0.00135	     0.000405	     0.00541
tggcg	0.00225	     0.000553	     0.00162
tggct	0.00142	     0.000884	     0.00171
tggga	0.00038	     0.000995	     0.00153
tgggc	0.000449	     0.00054	     0.00354
tgggg	0.000564	     0.000513	     0.000357
tgggt	0.000219	     0.000513	     0.00153
tggta	0.00059	     0.000318	     0.000641
tggtc	0.0011	     0.000485	     0.0021
tggtg	0.00165	     0.000355	     0.00351
tggtt	0.000636	     0.000581	     0.00116
tgtaa	0.000614	     0.000238	     1.28e-07
tgtac	0.000417	     0.00016	     0.00162
tgtag	0.000471	     0.000112	     1.28e-07
tgtat	0.000316	     0.000198	     0.000707
tgtca	0.0012	     0.000361	     0.000417
tgtcc	0.000921	     0.000554	     0.00185
tgtcg	0.000687	     0.000334	     0.00107
tgtct	0.000746	     0.000412	     0.000433
tgtga	0.00166	     0.0006	     1.28e-07
tgtgc	0.00194	     0.000578	     0.00133
tgtgg	0.00314	     0.000495	     0.000968
tgtgt	0.000838	     0.000487	     0.000409
tgtta	0.000664	     9.61e-05	     0.000245
tgttc	0.000773	     0.000257	     0.00177
tgttg	0.000807	     0.000161	     0.00116
tgttt	0.000622	     0.000372	     0.000981
ttaaa	1.29e-07	     0.000639	     0.000823
ttaac	1.29e-07	     0.000314	     0.00101
ttaag	1.29e-07	     0.000306	     0.00156
ttaat	1.29e-07	     0.000388	     0.000927
ttaca	0.000782	     0.000206	     0.00043
ttacc	0.000575	     0.00028	     0.000856
ttacg	0.00071	     0.000124	     0.000585
ttact	0.000637	     0.000299	     0.000369
ttaga	1.29e-07	     0.000375	     0.000203
ttagc	1.29e-07	     0.000294	     0.000827
ttagg	1.29e-07	     0.000143	     0.000272
ttagt	1.29e-07	     0.000225	     0.000478
ttata	0.000399	     0.000115	     0.000592
ttatc	0.00058	     0.00028	     0.000942
ttatg	0.000674	     9.94e-05	     0.000939
ttatt	0.000319	     0.000275	     0.000865
ttcaa	0.000583	     0.0024	     0.000876
ttcac	0.00046	     0.00119	     0.000742
ttcag	0.000502	     0.000841	     0.00147
ttcat	0.00037	     0.00166	     0.000518
ttcca	0.00139	     0.00154	     0.000786
ttccc	0.000712	     0.000638	     0.00125
ttccg	0.00115	     0.00101	     0.000927
ttcct	0.000674	     0.00178	     0.000472
ttcga	0.000698	     0.00258	     0.000508
ttcgc	0.00101	     0.00104	     0.000958
ttcgg	0.0012	     0.00109	     0.000411
ttcgt	0.000435	     0.0011	     0.000466
ttcta	0.000318	     0.000967	     0.00053
ttctc	0.000402	     0.00102	     0.000858
ttctg	0.000603	     0.000775	     0.0019
ttctt	0.00028	     0.00144	     0.000578
ttgaa	1.29e-07	     0.00126	     0.00105
ttgac	1.29e-07	     0.000689	     0.000988
ttgag	1.29e-07	     0.000665	     0.00171
ttgat	1.29e-07	     0.000899	     0.00117
ttgca	0.000719	     0.00119	     0.000635
ttgcc	0.000597	     0.00109	     0.00195
ttgcg	0.000653	     0.000732	     0.000618
ttgct	0.000483	     0.00118	     0.000756
ttgga	0.000587	     0.00236	     0.00118
ttggc	0.000559	     0.0018	     0.00175
ttggg	0.000557	     0.00121	     0.00037
ttggt	0.000386	     0.00113	     0.00082
ttgta	0.000182	     0.000368	     0.000467
ttgtc	0.000356	     0.000609	     0.000965
ttgtg	0.000508	     0.000403	     0.00198
ttgtt	0.00021	     0.000627	     0.000713
tttaa	0.000571	     0.00105	     1.28e-07
tttac	0.000307	     0.000572	     0.000942
tttag	0.000351	     0.000463	     1.28e-07
tttat	0.000272	     0.000927	     0.000588
tttca	0.00105	     0.000775	     0.000475
tttcc	0.00093	     0.000807	     0.00105
tttcg	0.00112	     0.000531	     0.000865
tttct	0.00071	     0.000936	     0.000417
tttga	0.00105	     0.00149	     1.28e-07
tttgc	0.00119	     0.00123	     0.000801
tttgg	0.00208	     0.00133	     0.000685
tttgt	0.000619	     0.00129	     0.000366
tttta	0.000577	     0.000346	     0.000404
ttttc	0.000618	     0.000531	     0.00114
ttttg	0.000961	     0.000395	     0.00129
ttttt	0.000297	     0.000667	     0.00061
